0000000000000000000000000000000000000000
0000011100001111100000001000000111110000
0000100000000010000000010100000100001000
0000100000000010000000100010000100001000
0000011100000010000000111110000111110000
0000000010000010000000100010000100001000
0000000010000010000001000001000100001000
0000011100000010000001000001000100001000
0000000000000000000000000000000000000000
0000000000000000000000000000000000000000
0000022200000020000002200022000222222000
0000200000000202000002020202000200000000
0000200000002000200002002002000200000000
0000200000002222200002000002000222222000
0000200220002000200002000002000200000000
0000200020020000020002000002000200000000
0000022200020000020002000002000222222000
0000000000000000000000000000000000000000
0000000000000000000000000000000000000000
0000000000000000000000000000000000000000
0000000000000000000000000000000000000000
0000000000000000000000000000000000000000
0000000000000000000000000000000000000000
0000000000000000000000000000000000000000
0000000000000000000000000000000000000000